DIM = 6 6 1
BAND =  0 0 0  0.5 0 0  0.333333 0.333333 0  0 0 0
BAND_POINTS = 100
